0 13 256
0 46 162
1 35 171
1 37 9
1 40 75
2 8 1
2 9 8
2 14 57
2 22 207
2 28 35
2 29 241
2 33 169
3 28 71
3 35 123
4 8 131
4 10 192
4 17 111
4 23 76
4 35 27
4 49 16
5 19 44
5 26 85
6 20 134
6 37 135
7 8 38
7 24 130
8 16 120
8 26 2
9 22 10
9 29 84
9 34 72
10 12 37
11 34 144
11 35 89
11 45 33
11 46 98
11 47 46
12 25 95
12 26 114
12 27 21
12 28 57
12 29 32
12 33 82
12 35 71
12 48 196
13 14 64
13 24 116
13 33 48
13 38 46
13 44 156
13 46 34
13 48 249
14 26 70
14 33 14
15 17 118
15 25 19
15 28 27
15 31 36
16 37 186
16 45 108
16 46 138
16 47 200
17 20 208
17 47 73
18 22 16
18 23 60
18 33 51
19 23 47
19 48 79
20 25 61
20 47 30
20 48 78
21 22 5
21 28 90
21 32 83
21 38 139
21 42 87
22 47 76
23 24 62
23 31 49
23 35 12
23 49 93
24 27 258
25 42 44
25 45 64
26 27 154
26 35 2
26 39 116
27 41 48
27 42 89
27 44 22
28 44 119
31 32 85
31 33 126
31 45 88
31 47 43
32 39 131
32 44 39
32 47 83
33 38 155
34 38 44
34 40 99
34 49 74
36 38 14
37 40 110
37 47 95
37 48 64
38 46 323
39 47 58
40 49 121
43 48 27
45 47 16
45 48 21
45 49 83
46 47 161
46 48 11
46 49 41
47 48 74
47 49 58
48 49 158
